;Tabela 3.1 - Inscritos em estabelecimentos de ensino superior residentes em Portugal por município do estabelecimento de ensino superior e município da residência permanente do aluno, em 2019/20 - Todos os cursos/ciclos de estudos;;;;;;;;;;;;;;;;;;;;;;;;;;;;;;;;;;;;;;;;;;;;;;;;;;;;;;;;;;;;;;
municipio;Abrantes;Águeda;Almada;Amadora;Amares;Angra do Heroísmo;Aveiro;Barcelos;Barreiro;Beja;Braga;Bragança;Caldas da Rainha;Cascais;Castelo Branco;Chaves;Coimbra;Covilhã;Elvas;Évora;Fafe;Faro;Felgueiras;Funchal;Guarda;Guimarães;Idanha-a-Nova;Lamego;Leiria;Lisboa;Maia;Marinha Grande;Matosinhos;Melgaço;Mirandela;Odivelas;Oeiras;Oliveira de Azeméis;Oliveira do Hospital;Paredes;Penafiel;Peniche;Ponta Delgada;Ponte de Lima;Portalegre;Portimão;Porto;Rio Maior;Santa Maria da Feira;Santarém;Seia;Setúbal;Silves;Sintra;Tomar;Valença;Viana do Castelo;Vila do Conde;Vila Nova de Cerveira;Vila Nova de Famalicão;Vila Nova de Gaia;Vila Real;Viseu
Abrantes;87;0;32;1;0;0;15;0;15;4;3;1;13;10;69;0;106;82;2;20;0;8;0;2;2;0;5;0;63;326;1;0;1;0;3;0;10;0;0;0;0;11;0;0;22;1;20;13;0;42;0;3;0;0;94;0;0;0;0;0;0;2;3
Águeda;0;129;7;0;0;0;300;1;0;2;17;3;1;9;16;0;354;60;0;14;0;8;1;1;20;0;3;7;26;178;1;0;12;0;1;0;2;17;9;0;0;2;3;1;1;1;133;1;3;1;1;5;0;0;4;0;0;1;0;1;10;19;96
Aguiar da Beira;1;0;0;0;0;0;5;0;0;0;0;1;0;1;2;0;30;12;0;0;0;0;0;0;12;0;0;2;0;10;1;0;0;0;0;0;1;0;0;0;0;0;0;0;0;0;9;1;0;0;0;0;0;0;2;0;0;0;0;1;1;4;45
Alandroal;0;0;7;0;0;0;0;0;0;8;0;0;0;0;3;0;5;3;8;33;0;6;0;0;0;0;0;0;0;16;0;0;0;0;0;0;1;0;0;0;0;0;0;0;6;1;0;0;0;2;0;2;0;0;0;0;0;0;0;0;0;0;0
Albergaria-a-Velha;1;42;5;0;0;0;248;0;0;1;12;1;4;2;4;0;134;30;1;0;0;2;0;0;10;0;2;1;10;39;4;0;3;1;0;0;3;24;3;1;0;2;1;1;0;0;85;0;5;0;1;1;0;0;2;0;0;1;0;0;4;7;27
Albufeira;1;1;18;0;0;0;5;0;0;37;3;1;3;8;1;0;43;8;2;50;0;360;0;0;2;0;1;0;14;278;3;0;0;0;1;0;11;0;2;0;0;2;0;0;0;42;11;7;0;4;0;8;7;0;3;0;0;1;0;0;4;2;2
Alcácer do Sal;1;0;15;0;0;0;0;0;0;25;0;2;0;0;0;0;1;4;1;35;0;7;0;0;3;0;0;0;1;74;0;0;0;0;0;0;4;0;0;0;0;0;0;0;4;0;1;0;0;0;0;23;0;0;1;0;0;0;0;0;0;0;2
Alcanena;3;1;2;0;0;0;17;0;0;0;2;2;5;5;5;0;37;25;0;13;0;2;0;0;1;0;0;0;48;118;0;0;2;0;0;0;7;1;1;0;1;14;0;0;2;0;3;5;0;15;0;1;0;0;14;0;0;0;0;0;0;4;0
Alcobaça;2;3;30;2;0;1;68;1;0;9;12;3;73;27;31;0;193;34;4;39;0;18;1;0;4;0;3;1;472;526;0;14;3;0;6;0;19;3;1;1;0;66;0;0;4;2;33;25;0;45;0;2;0;0;22;0;0;0;0;0;0;4;9
Alcochete;0;0;38;2;0;0;3;0;3;3;2;0;1;14;0;0;3;2;1;18;0;5;0;0;0;0;0;0;1;452;0;0;0;0;0;2;8;0;0;0;0;0;0;0;0;0;1;0;0;6;1;86;0;0;2;0;0;0;0;0;0;0;0
Alcoutim;0;0;2;0;0;0;0;0;0;7;0;0;0;0;0;0;3;0;0;5;0;23;0;0;0;0;0;0;1;12;0;0;0;0;0;0;0;0;0;0;0;0;0;0;0;0;2;0;0;1;0;0;0;0;0;0;0;0;0;0;0;0;0
Alenquer;3;1;49;1;0;0;3;0;0;2;3;4;9;13;7;0;15;9;0;22;0;10;0;0;3;0;1;0;29;746;0;0;2;0;0;1;21;0;0;0;0;17;0;0;5;0;11;24;0;162;0;7;0;3;4;0;0;1;0;0;0;0;2
Alfândega da Fé;0;0;0;0;0;0;2;1;0;0;3;48;0;0;5;0;6;3;0;0;0;0;0;0;0;0;0;0;1;4;1;0;2;0;10;0;1;0;0;0;0;0;0;0;0;0;9;0;0;0;1;0;0;0;0;0;0;0;0;0;1;14;1
Alijó;0;0;0;0;0;0;7;1;0;0;8;36;0;0;2;1;11;5;0;3;0;1;0;1;2;0;0;5;0;10;2;0;3;0;17;0;1;1;0;0;0;0;0;0;0;0;30;0;0;2;0;0;0;0;0;0;1;0;0;0;2;102;8
Aljezur;0;0;7;0;0;0;0;0;0;3;1;2;1;0;0;0;7;5;0;6;0;25;0;0;0;0;0;0;0;34;0;0;0;0;0;0;0;0;0;1;0;0;0;0;0;8;5;1;0;0;0;0;0;0;0;0;0;0;0;0;0;0;0
Aljustrel;0;0;10;0;0;0;1;0;0;66;0;0;0;0;5;0;6;3;0;25;0;29;0;0;0;0;0;0;0;49;0;0;0;0;0;0;1;0;0;0;0;0;0;0;2;1;0;0;0;0;0;7;0;0;0;0;0;0;0;0;0;0;0
Almada;1;1;1 317;14;0;1;16;4;11;9;11;16;7;109;11;0;21;14;3;68;0;18;1;1;6;0;0;0;12;3 581;4;0;0;0;4;7;97;0;2;0;0;13;4;0;9;2;23;9;0;12;1;408;0;0;5;1;1;0;0;0;3;6;4
Almeida;0;1;2;0;0;0;3;0;0;0;3;5;0;2;8;0;26;19;0;2;0;1;1;0;35;0;0;0;0;19;0;0;0;0;0;0;7;0;1;0;0;0;0;0;2;0;8;0;0;0;3;0;0;0;0;0;0;0;0;0;0;6;4
Almeirim;1;1;14;0;0;0;13;0;0;1;3;0;5;5;10;0;48;13;1;25;0;9;0;0;0;0;1;0;11;198;0;0;0;0;0;0;5;0;0;0;0;7;0;0;3;1;8;14;0;193;0;3;0;1;6;0;0;0;0;0;1;4;4
Almodôvar;0;0;5;0;0;0;0;0;0;33;1;0;0;0;1;0;6;0;0;4;0;45;0;0;0;0;0;0;1;32;0;0;0;0;0;0;0;0;0;0;0;0;0;0;2;2;2;1;0;0;0;2;2;0;0;0;0;0;0;0;0;0;0
Alpiarça;3;0;9;1;0;0;4;0;0;1;0;1;2;3;1;0;9;2;1;15;0;2;0;0;0;0;0;0;4;88;0;0;0;0;1;0;4;0;0;0;0;2;1;0;0;1;2;7;0;53;0;0;0;0;3;0;0;0;0;0;1;0;0
Alter do Chão;0;0;0;0;0;0;0;0;0;1;0;0;0;1;3;0;0;4;10;11;0;0;0;0;0;0;0;0;1;18;0;0;0;0;0;0;1;0;0;0;0;0;0;0;23;0;0;0;0;2;0;2;0;0;0;0;0;0;0;0;0;0;0
Alvaiázere;0;1;1;0;0;0;4;0;0;1;0;0;2;2;5;0;50;5;0;6;0;1;0;0;0;0;0;0;16;19;0;0;0;0;0;0;0;0;2;0;0;1;0;0;3;0;1;2;0;5;0;1;0;0;18;0;0;0;0;0;0;0;1
Alvito;1;0;0;0;0;0;0;0;0;19;0;0;0;0;0;0;3;2;0;10;0;2;0;0;0;0;0;0;1;15;0;0;0;0;0;0;0;0;0;0;0;0;1;0;1;1;0;0;0;0;0;1;0;0;0;0;0;0;0;0;0;0;0
Amadora;2;1;261;17;0;0;13;2;21;5;7;13;7;126;12;0;30;17;4;24;0;17;0;0;3;0;4;1;13;4 284;2;0;6;0;3;43;153;1;2;0;0;8;0;1;7;0;23;5;0;28;2;56;0;2;11;1;1;0;0;0;0;2;2
Amarante;1;3;3;0;1;0;49;10;0;0;122;137;7;2;6;0;139;27;0;4;14;1;127;0;3;1;0;5;5;43;53;0;55;0;43;0;0;3;2;35;24;2;1;2;1;0;541;0;0;0;1;1;0;0;1;2;4;14;0;0;34;272;34
Amares;0;0;0;0;23;0;11;77;0;0;314;12;0;0;2;0;12;8;0;1;1;2;3;0;1;0;0;1;3;12;3;0;4;6;7;0;2;0;0;1;0;1;0;5;0;0;51;0;0;0;0;0;0;0;0;6;27;1;0;6;1;18;5
Anadia;0;21;5;0;0;0;134;0;0;0;3;3;5;5;3;0;399;36;0;8;0;4;0;0;10;0;0;2;20;70;5;0;6;0;0;0;2;6;13;0;0;0;0;1;1;0;62;0;1;2;1;9;0;0;4;0;1;5;0;0;4;12;27
Angra do Heroísmo;0;2;33;0;0;143;21;0;0;10;25;1;5;3;6;0;95;12;1;14;0;11;2;1;1;0;0;1;20;335;3;0;5;0;3;0;10;2;2;0;0;4;65;0;4;0;55;7;0;4;2;10;0;1;5;0;0;0;0;0;8;9;2
Ansião;0;0;3;0;0;0;8;0;0;0;2;0;1;3;8;0;183;11;0;4;0;6;0;0;4;0;0;0;66;44;0;0;0;0;0;0;2;0;1;0;0;3;0;0;0;0;5;2;0;1;1;0;0;0;10;0;0;0;0;1;2;4;3
Arcos de Valdevez;0;2;3;1;1;0;8;7;0;0;127;12;2;1;4;0;36;6;0;0;0;0;4;0;2;0;0;1;3;32;3;0;16;5;3;0;0;1;0;2;0;0;0;15;1;0;92;0;0;1;0;1;0;0;1;6;118;0;0;1;1;12;1
Arganil;0;0;1;0;0;0;4;0;0;0;1;0;2;1;1;0;162;5;0;0;0;0;0;0;2;0;1;0;3;18;0;0;0;0;0;0;1;0;14;0;0;5;0;0;0;0;9;0;0;0;0;2;0;0;0;0;0;1;0;0;1;2;9
Armamar;0;0;2;0;0;0;11;0;0;0;4;4;0;0;3;0;29;6;0;0;0;2;0;0;1;0;0;13;1;5;2;0;2;0;0;0;0;0;0;0;0;0;0;0;2;0;24;0;0;0;0;0;0;0;0;1;0;0;0;0;0;31;20
Arouca;0;0;1;0;0;0;66;2;0;0;4;4;0;1;0;0;77;13;0;1;0;0;2;0;4;0;0;5;2;11;9;0;22;1;0;0;0;22;0;1;0;0;0;0;1;0;207;0;26;0;2;0;0;0;2;1;0;20;0;0;13;15;26
Arraiolos;0;0;3;1;0;0;2;0;0;2;0;0;0;3;4;0;4;5;2;99;0;3;0;0;0;0;2;0;2;52;0;0;0;0;0;0;0;0;0;0;0;0;0;0;8;0;2;1;0;0;0;2;0;0;0;0;0;0;0;0;0;0;0
Arronches;0;0;0;0;0;0;0;0;0;1;1;0;0;0;1;0;1;3;9;12;0;2;0;0;1;0;0;0;2;13;0;0;0;0;0;0;0;0;0;0;0;0;0;0;35;0;0;1;0;1;0;3;0;0;1;0;0;0;0;0;0;0;0
Arruda dos Vinhos;0;0;30;1;0;0;0;0;0;1;0;0;5;12;2;0;3;2;0;4;0;2;0;0;0;0;0;0;4;397;0;0;1;0;1;1;6;0;0;0;0;4;0;0;3;0;3;7;0;29;0;5;0;0;2;0;0;0;0;0;0;0;0
Aveiro;4;165;8;4;0;0;2 219;2;1;0;34;21;9;18;21;0;622;66;0;7;1;7;4;0;28;0;0;9;23;279;17;1;13;1;4;0;18;37;7;11;0;5;3;2;2;0;440;8;8;3;5;1;0;1;1;1;0;4;0;0;31;28;65
Avis;0;0;3;0;0;0;1;0;0;5;0;0;0;1;5;0;5;0;1;20;0;4;0;0;0;0;3;0;3;13;0;0;0;0;0;0;2;0;0;0;0;0;0;0;12;0;1;1;0;0;0;2;0;0;0;0;0;0;0;0;0;0;0
Azambuja;5;0;23;0;0;0;4;0;0;1;0;0;5;4;3;0;11;7;1;10;0;4;1;0;1;0;0;0;18;293;3;0;0;0;0;2;6;0;0;0;0;12;1;0;3;0;0;12;0;102;0;2;0;0;6;0;0;0;0;0;0;1;1
Baião;0;0;1;0;0;0;4;2;0;0;13;48;1;1;1;0;40;11;0;0;1;1;14;1;0;0;1;17;1;9;13;0;22;0;7;0;0;0;1;4;2;0;0;1;0;0;157;0;0;0;0;0;0;0;1;0;0;2;0;0;15;78;12
Barcelos;2;6;6;0;3;0;114;711;0;0;1 284;54;5;5;10;0;244;68;1;9;1;10;11;0;11;0;1;1;16;97;57;0;38;18;20;0;2;1;2;17;0;1;0;35;1;0;650;0;0;0;2;0;0;2;3;55;302;11;4;87;49;201;18
Barrancos;0;0;1;0;0;0;0;0;0;9;1;0;0;0;0;0;0;1;0;12;0;2;0;0;0;0;0;0;0;5;0;0;0;0;0;0;0;0;0;0;0;0;0;0;1;0;0;0;0;0;0;0;0;0;0;0;0;0;0;0;0;0;0
Barreiro;1;0;197;2;0;0;2;2;244;6;2;4;3;19;6;0;11;4;0;30;0;22;0;0;1;0;0;0;3;1 423;1;0;1;0;0;3;32;0;5;0;0;1;1;0;9;2;7;2;0;6;0;439;0;1;7;0;0;0;0;0;1;1;2
Batalha;4;0;14;1;0;0;16;0;0;0;3;2;13;2;5;0;54;8;0;6;0;4;0;1;2;0;0;1;202;151;1;1;1;0;0;0;9;0;0;0;0;16;0;0;4;0;18;4;0;6;1;2;0;0;7;0;0;0;0;0;1;5;2
Beja;0;0;57;0;0;0;4;0;0;678;2;0;2;11;6;0;26;3;3;138;0;60;0;1;1;0;0;0;5;367;0;0;0;0;1;0;14;0;0;0;0;1;1;1;4;0;7;4;0;0;0;9;3;1;3;0;0;0;0;0;0;4;0
Belmonte;0;1;1;0;0;0;6;0;0;0;1;1;1;1;28;0;14;57;0;5;0;0;0;0;15;0;4;0;0;14;1;0;0;0;0;0;1;0;0;1;0;1;0;0;1;0;4;1;0;1;0;0;0;0;0;0;0;0;0;0;0;3;1
Benavente;4;0;34;1;0;1;5;0;0;1;2;2;7;10;12;1;21;8;0;22;0;6;0;0;3;0;1;0;13;427;0;0;0;0;0;3;11;0;0;0;0;4;0;0;5;2;3;10;0;75;0;13;0;0;9;0;0;0;0;0;0;1;2
Bombarral;1;0;9;1;0;0;5;0;0;1;3;0;16;3;4;0;23;3;0;7;0;6;1;0;2;0;0;0;45;145;0;1;0;0;0;0;5;0;0;0;0;21;0;0;2;2;6;6;0;19;0;1;0;0;0;0;0;0;0;0;0;0;0
Borba;0;0;8;0;0;0;1;0;0;2;0;0;0;3;5;0;2;3;11;32;0;6;0;0;2;0;0;0;2;49;0;0;0;0;0;0;2;0;0;0;0;0;0;0;19;0;3;2;0;2;0;10;0;0;0;0;0;0;0;0;0;0;0
Boticas;0;0;0;0;1;0;2;0;0;0;5;21;0;0;0;9;7;2;0;0;0;0;1;0;2;0;0;0;1;1;0;0;1;0;6;0;1;0;0;0;0;0;0;1;0;0;20;0;0;0;0;0;0;0;0;0;0;1;0;0;0;15;0
Braga;2;2;6;4;83;0;96;892;0;5;5 822;54;3;25;11;0;310;91;0;13;18;12;15;2;4;0;0;1;16;312;87;0;43;44;21;0;12;3;3;32;0;0;6;43;3;0;892;2;0;2;3;3;0;2;10;29;199;12;3;189;38;127;19
Bragança;0;1;0;1;1;0;35;5;0;0;56;2 854;2;2;6;0;125;53;0;1;0;7;0;0;6;0;0;0;3;80;7;0;7;0;174;0;2;1;0;1;0;0;1;0;1;3;230;0;0;0;0;0;0;2;1;0;1;1;1;0;8;68;9
Cabeceiras de Basto;0;0;2;0;4;0;14;3;0;0;128;50;0;0;3;1;23;4;1;0;32;0;5;0;4;0;0;2;4;11;4;0;5;0;9;0;1;1;0;0;0;1;0;0;0;0;72;0;0;0;0;0;0;0;0;0;5;2;0;4;11;64;3
Cadaval;0;0;12;1;0;0;3;0;0;3;1;0;9;1;3;0;13;4;1;10;0;5;0;0;1;0;1;0;50;131;0;0;0;1;0;0;7;0;1;0;0;7;0;0;2;2;1;3;0;21;0;1;0;0;5;0;0;0;0;0;1;0;0
Caldas da Rainha;4;0;54;2;0;0;36;4;0;2;3;1;152;18;18;0;96;17;2;32;0;8;1;0;3;0;0;0;283;634;0;0;0;0;3;1;31;1;0;0;0;76;1;0;4;0;32;34;0;59;0;5;0;2;13;0;0;2;0;0;2;4;4
Calheta (R.A.A.);0;0;5;0;0;2;2;0;0;0;3;0;0;1;2;0;20;0;0;1;0;4;0;0;0;0;0;0;2;29;0;0;0;0;0;0;0;0;0;0;0;1;9;0;2;0;6;0;0;1;0;0;0;0;0;0;0;0;0;0;0;0;0
Calheta (R.A.M.);0;0;2;0;0;0;0;0;0;0;6;1;1;0;1;0;19;3;1;2;0;6;0;89;0;0;0;2;4;39;0;0;2;0;0;0;1;0;0;0;0;2;0;0;1;0;38;4;0;3;0;1;0;0;0;0;0;1;0;0;2;4;1
Câmara de Lobos;1;0;11;0;0;0;12;0;0;1;17;0;1;0;12;0;60;16;3;13;0;9;1;375;2;0;0;0;8;155;0;0;3;0;1;0;3;0;1;1;0;2;4;0;1;0;70;3;0;0;1;2;0;0;0;0;0;1;0;0;5;10;3
Caminha;1;1;4;2;0;0;25;15;0;0;61;7;2;0;0;0;39;12;1;2;0;1;2;0;3;1;1;0;4;37;7;0;9;15;3;0;2;0;0;0;0;0;2;6;0;0;107;0;0;0;1;1;0;1;0;13;86;2;5;0;3;14;2
Campo Maior;1;0;10;0;0;0;0;0;0;5;0;0;0;1;16;0;12;8;14;39;0;6;0;0;5;0;0;0;7;66;0;0;0;0;0;0;3;0;0;0;0;0;0;0;54;0;0;0;0;1;1;8;0;0;0;0;0;0;0;0;0;0;0
Cantanhede;0;10;5;0;0;0;96;0;0;0;5;0;5;4;8;0;683;11;0;5;0;2;1;1;12;0;0;0;40;63;1;0;2;0;1;0;1;8;14;3;0;9;1;0;2;0;52;0;0;2;4;0;0;0;6;0;1;1;0;0;4;11;18
Carrazeda de Ansiães;0;1;1;0;0;0;5;0;0;0;5;48;0;0;3;0;10;5;0;1;0;0;1;0;1;0;0;0;0;6;0;0;1;0;13;0;0;0;1;0;0;0;0;0;0;0;23;0;0;0;0;0;0;0;0;0;0;0;0;1;1;20;4
Carregal do Sal;0;0;2;0;0;0;22;1;0;1;4;0;0;2;0;0;82;14;0;0;0;3;0;0;5;0;0;4;3;23;0;0;1;0;2;0;0;0;4;0;0;0;0;0;2;1;11;0;0;0;1;0;0;0;0;0;0;0;0;0;2;5;50
Cartaxo;0;0;30;3;0;0;10;0;0;2;2;1;13;11;6;0;17;4;2;21;0;6;0;0;0;0;2;1;27;292;0;0;0;0;0;1;7;0;0;0;0;14;1;0;4;2;9;13;0;179;0;1;0;0;9;0;0;0;0;0;0;5;2
Cascais;5;0;396;23;0;1;19;1;2;15;17;6;19;605;9;0;37;29;1;46;0;40;0;1;0;0;2;1;16;5 875;0;0;5;0;3;24;476;0;0;0;0;12;4;1;10;0;47;4;0;17;0;41;0;5;18;0;2;0;0;0;2;6;4
Castanheira de Pêra;0;0;0;0;0;0;0;0;0;0;0;0;0;0;1;0;25;3;0;0;0;1;0;0;1;0;0;0;8;1;0;0;0;0;0;0;1;0;0;0;0;1;0;0;0;0;3;0;0;0;0;0;0;0;1;0;0;0;0;0;0;1;0
Castelo Branco;1;0;48;0;0;0;32;1;0;1;11;1;0;19;876;0;207;266;1;31;0;15;0;2;14;0;88;1;29;430;3;1;1;0;0;0;16;0;4;0;0;4;0;1;10;1;33;2;0;2;1;4;0;3;3;0;0;0;0;0;1;6;12
Castelo de Paiva;1;3;0;1;0;0;53;0;0;0;10;9;1;1;6;0;31;3;0;1;2;1;5;0;2;0;0;1;2;11;12;0;15;0;3;0;0;4;1;13;10;0;0;0;0;0;179;0;8;0;0;0;0;0;0;0;1;1;0;1;21;23;16
Castelo de Vide;0;0;1;0;0;0;1;0;0;1;1;0;1;0;1;0;6;2;1;10;0;1;1;0;0;0;2;0;0;28;0;0;0;0;0;0;2;0;0;0;0;0;0;0;26;0;1;0;0;1;0;1;0;0;2;0;0;0;0;0;0;1;0
Castro Daire;0;0;2;0;0;1;19;0;0;1;6;4;2;2;11;0;84;15;0;1;0;1;0;0;12;0;1;6;5;38;1;0;3;0;3;0;0;0;0;1;0;0;0;0;0;0;26;3;0;0;3;1;0;0;0;0;0;0;0;0;3;18;110
Castro Marim;0;0;4;0;0;0;0;0;0;12;1;0;2;1;0;0;3;3;1;7;0;70;0;0;1;0;0;0;2;30;0;0;0;0;2;0;2;0;0;0;0;0;0;0;0;1;4;1;0;1;0;2;2;0;0;0;0;0;0;0;0;0;0
Castro Verde;0;0;10;0;0;0;0;0;0;52;0;0;0;1;1;0;7;3;0;9;0;31;0;0;0;0;0;0;0;74;0;0;0;0;0;0;3;0;0;0;0;0;0;0;1;1;1;0;0;0;0;2;0;0;0;0;0;0;0;0;0;0;0
Celorico da Beira;0;0;2;0;0;0;6;1;0;0;0;1;0;5;4;0;40;13;0;1;0;1;0;0;30;0;0;1;1;21;0;0;1;0;0;0;0;0;0;0;0;1;0;0;1;0;6;0;0;0;4;0;0;0;0;0;0;0;0;0;1;3;5
Celorico de Basto;0;0;4;0;0;0;16;5;0;0;67;68;0;0;1;0;36;7;0;1;15;2;14;0;3;0;0;2;0;19;8;0;15;0;9;0;0;1;2;1;0;0;0;3;0;0;100;0;0;0;0;1;0;0;0;1;1;2;0;2;10;214;1
Chamusca;5;0;4;0;0;0;7;0;0;1;0;0;1;1;7;0;27;3;1;22;0;0;0;0;0;0;0;0;19;50;0;0;0;0;0;0;0;0;0;0;0;8;0;0;3;0;2;3;0;35;0;0;0;0;6;0;0;0;0;0;0;2;1
Chaves;1;0;6;1;3;0;41;0;0;1;89;163;1;2;2;83;126;32;0;4;1;2;3;0;5;0;2;2;4;85;3;0;11;2;84;0;2;0;3;4;0;2;1;0;0;0;294;1;0;1;1;0;0;2;1;1;1;4;0;3;15;133;11
Cinfães;0;2;0;0;0;0;14;1;0;0;10;14;0;0;4;1;28;9;1;1;0;0;4;0;3;0;0;4;2;13;10;0;11;0;1;0;0;0;1;7;0;0;0;0;1;0;120;0;0;1;1;0;0;1;0;0;0;1;0;0;17;12;33
Coimbra;1;3;13;3;0;0;122;0;0;2;24;11;18;73;12;0;7 040;44;0;37;0;18;1;1;10;0;3;3;29;592;1;0;9;0;0;0;33;21;40;5;0;4;7;1;4;0;256;3;0;5;1;3;0;4;8;0;1;7;0;0;6;26;61
Condeixa-a-Nova;0;1;0;0;0;0;15;0;0;0;1;0;4;2;6;0;602;3;0;2;0;0;1;0;1;0;1;1;13;40;0;0;1;0;0;0;4;4;6;0;0;2;1;0;1;0;18;0;0;1;0;0;0;0;2;0;0;0;0;0;1;5;7
Constância;4;0;3;0;0;0;1;0;0;1;1;0;1;0;7;0;20;11;1;3;0;1;0;0;1;0;0;0;6;30;1;0;0;0;0;0;1;0;0;0;0;3;0;0;0;0;1;0;0;7;0;0;0;0;15;0;0;0;0;0;0;0;2
Coruche;1;0;38;0;0;0;4;0;0;1;0;1;2;5;3;0;25;5;1;39;0;5;0;0;0;0;1;0;12;204;0;0;1;0;1;0;7;0;0;0;0;0;0;0;5;2;0;2;0;73;1;6;0;1;2;0;1;0;0;0;0;0;1
Corvo;0;0;0;0;0;0;0;2;0;0;0;0;0;0;0;0;1;0;0;0;0;0;0;0;0;0;0;0;0;4;0;0;0;0;0;0;0;0;0;0;0;0;1;0;0;0;1;0;0;0;0;0;0;0;0;0;0;0;0;0;0;0;0
Covilhã;0;2;17;0;0;0;28;1;0;1;17;4;0;12;208;0;109;940;1;23;0;6;1;0;48;0;24;1;6;210;1;0;1;0;0;0;10;0;0;0;0;8;0;1;13;0;44;2;0;1;2;2;0;0;1;0;0;0;0;0;3;13;18
Crato;0;0;1;0;0;0;4;0;0;0;0;0;0;0;6;0;3;3;1;6;0;0;0;0;1;0;0;0;2;23;0;0;0;0;0;0;0;0;0;0;0;2;0;0;20;0;0;0;0;0;0;1;0;0;0;0;0;0;0;0;0;0;0
Cuba;1;0;1;0;0;0;0;0;0;68;0;0;0;0;0;0;1;0;2;19;0;10;0;0;0;0;0;0;0;26;0;0;0;0;0;0;0;0;0;0;0;0;0;0;1;1;1;0;0;0;0;0;0;0;0;0;0;0;0;0;0;0;0
Desconhecido;3;1;1;0;0;0;43;2;0;0;3;0;0;2;1;0;2;0;0;67;0;3;0;0;37;0;2;0;1;76;0;0;49;0;0;0;0;0;0;0;0;0;0;0;0;0;4;0;0;12;11;0;0;0;0;0;1;0;0;0;0;0;0
Elvas;1;1;24;0;1;0;3;0;0;6;0;1;1;3;25;0;20;13;101;131;0;17;0;0;2;0;3;0;3;217;0;0;0;0;0;0;9;0;2;0;0;2;0;0;70;0;4;6;0;7;0;4;0;0;1;0;0;0;0;0;0;1;0
Entroncamento;17;0;32;0;0;0;25;1;0;1;5;1;6;17;17;0;83;38;0;22;0;2;0;1;2;0;1;0;37;250;0;0;0;0;0;0;9;1;1;0;0;5;0;1;13;0;16;15;0;48;0;0;0;5;117;0;1;0;0;0;0;0;0
Espinho;0;5;0;0;0;0;165;3;0;0;11;6;0;3;4;0;43;13;0;2;0;0;1;0;3;0;0;0;4;29;23;0;36;0;1;0;4;5;0;1;0;0;2;0;1;0;531;0;16;1;1;0;0;1;0;0;0;4;0;0;67;11;4
Esposende;0;1;1;1;0;0;50;109;0;0;289;21;0;0;9;0;96;13;0;1;0;10;8;0;2;0;2;1;4;46;24;0;20;6;10;0;1;0;3;5;1;0;1;17;0;0;333;0;0;2;0;0;0;1;3;12;142;8;0;2;31;15;7
Estarreja;0;39;1;0;0;0;216;1;0;0;13;1;2;0;7;0;82;22;1;6;0;2;0;0;10;0;0;1;7;48;8;0;5;0;2;0;2;31;4;3;0;4;0;0;1;2;106;0;9;0;0;0;0;0;5;0;0;2;0;0;8;9;24
Estremoz;0;0;22;0;0;0;5;1;0;13;1;0;2;5;7;0;8;7;13;86;0;10;0;0;2;0;0;0;0;128;0;0;0;0;0;0;7;0;0;0;0;0;0;0;24;0;0;1;0;4;0;9;0;1;3;0;0;0;0;0;1;0;0
Évora;1;4;75;3;0;1;12;0;4;52;8;4;8;20;11;0;52;13;9;1 298;0;41;0;0;1;0;2;0;10;618;1;0;0;0;0;0;20;0;0;0;0;8;0;0;36;7;25;3;0;6;0;16;0;1;4;0;0;0;0;0;1;2;2
Fafe;0;2;1;0;7;0;41;20;0;0;425;55;0;0;5;0;97;29;0;5;191;1;62;1;5;0;2;2;4;51;9;0;15;0;23;0;7;1;6;6;0;0;0;5;0;0;275;0;0;2;1;1;0;0;1;2;18;3;0;23;23;53;10
Faro;1;0;50;2;0;0;13;1;0;49;9;4;2;13;1;0;80;12;5;66;0;1 942;0;0;3;0;1;0;3;509;0;0;3;1;2;0;21;1;0;2;0;2;1;0;7;21;31;9;0;1;0;7;9;1;1;0;0;0;0;1;3;4;7
Felgueiras;0;5;0;0;0;0;53;8;0;1;219;116;2;2;4;0;106;20;0;10;44;1;265;0;5;0;0;1;10;37;25;0;41;0;35;0;0;2;0;27;7;2;1;1;0;0;416;0;0;0;0;0;0;1;0;2;10;9;0;6;29;120;10
Ferreira do Alentejo;0;0;7;0;0;0;0;0;0;63;0;0;1;0;2;0;4;0;0;25;0;7;0;0;0;0;0;0;0;63;0;0;0;0;0;0;2;0;0;0;0;0;0;0;0;2;0;0;0;1;0;2;1;0;1;0;0;0;0;0;0;0;0
Ferreira do Zêzere;0;0;5;0;0;0;9;0;0;0;0;0;2;4;4;0;51;6;0;3;0;3;0;0;3;0;2;0;20;48;0;0;0;0;0;0;1;0;1;0;0;5;0;0;2;0;6;3;0;6;0;0;0;0;30;0;0;0;0;0;0;0;0
Figueira da Foz;1;5;24;2;0;0;147;0;0;0;14;7;18;17;26;0;924;39;2;10;1;16;2;0;16;0;0;1;149;248;10;0;3;0;5;0;29;5;14;1;0;15;4;1;9;0;84;5;0;12;3;1;0;1;9;0;2;1;0;0;6;7;11
Figueira de Castelo Rodrigo;0;0;0;0;0;0;2;0;0;1;0;5;1;1;6;0;12;20;0;0;0;1;0;0;19;0;1;1;0;9;1;0;0;0;2;0;1;0;0;0;0;0;0;0;2;0;3;0;0;0;1;0;0;0;0;0;0;0;0;0;0;4;5
Figueiró dos Vinhos;1;0;0;0;0;0;4;0;0;0;0;0;0;1;6;0;49;2;0;3;0;2;0;0;0;0;1;0;13;10;0;0;0;0;0;0;1;0;2;0;0;1;0;0;0;0;2;0;0;0;0;0;0;1;3;0;0;0;0;0;0;0;1
Fornos de Algodres;0;0;1;0;0;0;9;0;0;1;0;0;0;0;3;0;20;12;0;1;0;0;0;0;7;0;2;1;0;7;0;0;0;0;0;0;0;0;0;0;0;1;1;0;0;0;4;0;0;0;5;0;0;0;0;0;0;0;0;0;0;2;25
Freixo de Espada à Cinta;0;0;0;0;0;0;2;0;0;0;1;21;0;0;2;0;5;8;0;0;0;0;0;0;0;0;1;0;0;1;0;0;0;0;2;0;0;0;0;0;0;0;0;0;0;0;11;0;0;0;0;0;0;0;0;0;0;0;1;0;0;5;0
Fronteira;1;0;3;0;0;0;0;0;0;3;0;0;0;0;1;0;3;2;2;16;0;3;0;0;0;0;1;0;0;19;0;0;0;0;0;0;0;0;0;0;0;0;0;0;20;0;1;0;0;1;0;2;0;0;0;0;0;0;0;0;0;1;0
Funchal;2;1;83;1;0;4;44;3;0;15;86;7;5;64;13;0;211;55;1;37;0;32;4;1 444;9;0;5;0;27;1 132;13;0;24;0;2;0;54;1;5;2;0;9;6;4;1;3;287;23;0;9;0;15;0;2;6;3;10;6;0;0;19;29;18
Fundão;1;0;14;0;0;0;25;0;0;2;11;4;3;7;196;0;59;223;0;16;0;4;0;0;37;0;24;0;12;136;3;0;0;0;2;0;6;0;0;2;0;2;0;0;7;1;16;2;0;0;0;2;0;1;3;0;0;1;0;0;0;0;6
Gavião;0;0;2;0;0;0;1;0;0;0;0;0;0;1;4;0;5;2;1;1;0;0;0;0;0;0;0;0;0;19;0;0;0;0;0;0;0;0;0;0;0;1;0;0;7;0;0;1;0;1;0;0;0;0;0;0;0;0;0;0;0;0;0
Góis;0;0;0;0;0;0;0;0;0;0;0;0;1;0;0;0;52;0;0;0;0;0;0;0;1;0;1;0;4;3;0;0;0;0;0;0;0;0;1;0;0;1;0;0;0;0;3;0;0;0;0;0;0;0;2;0;0;0;0;0;0;0;2
Golegã;1;0;1;0;0;0;4;0;0;1;0;0;0;2;1;0;7;6;0;4;0;3;0;0;0;0;0;0;16;53;0;0;0;0;0;0;1;0;0;0;0;5;0;0;3;0;0;4;0;35;0;0;0;0;17;0;0;0;0;0;0;1;0
Gondomar;1;4;10;7;0;0;105;25;0;1;132;21;8;1;6;1;78;31;0;5;1;4;35;0;7;0;0;2;7;131;323;0;415;3;10;0;4;7;0;50;0;1;2;14;2;1;3 268;0;0;2;0;1;0;0;3;2;24;89;0;6;286;58;13
Gouveia;0;0;2;0;0;0;25;0;0;0;5;8;3;0;15;0;92;18;0;4;0;2;0;0;35;0;1;1;6;45;1;0;1;0;0;0;3;0;1;0;0;0;0;0;1;0;19;3;0;0;4;0;0;0;0;0;0;1;0;0;2;8;38
Grândola;0;0;6;0;0;0;0;0;0;31;0;0;0;2;2;0;7;2;0;35;0;17;0;0;0;0;1;0;4;132;0;0;0;0;1;0;1;0;0;0;0;0;2;0;4;2;3;1;0;7;0;40;2;0;3;0;0;0;0;0;0;0;0
Guarda;2;0;21;0;0;1;109;0;0;0;11;12;3;18;53;0;310;302;0;23;0;6;1;0;590;0;3;2;12;275;1;0;3;0;5;0;9;2;3;3;0;2;0;0;6;0;80;3;0;2;15;2;0;0;2;0;0;1;1;0;4;25;40
Guimarães;0;3;12;4;18;0;81;252;0;0;2 410;153;9;15;12;0;190;89;0;9;141;9;113;0;12;4;2;1;8;134;94;0;69;7;63;0;6;1;4;27;0;0;1;13;2;0;916;0;0;1;9;2;0;1;8;31;104;23;1;151;49;271;17
Horta;0;0;3;0;0;12;27;1;0;2;5;4;0;1;4;0;26;5;0;6;0;7;0;0;0;0;0;1;5;134;1;0;6;0;1;0;3;0;1;0;0;1;50;0;2;1;26;7;0;1;0;3;0;0;5;0;0;2;0;4;5;1;0
Idanha-a-Nova;0;0;1;0;0;0;3;0;0;0;1;1;0;0;37;0;7;25;0;3;0;0;0;0;2;0;57;0;1;19;0;0;0;0;0;1;0;0;1;0;0;0;0;0;1;0;0;2;0;2;0;0;0;0;0;0;0;0;0;0;0;1;0
Ílhavo;3;74;4;0;0;0;653;1;0;0;13;7;3;8;3;0;267;16;0;7;0;1;2;0;17;0;4;4;12;105;6;0;5;2;1;0;15;24;7;0;0;6;0;1;3;0;129;5;4;0;3;1;0;0;7;1;0;0;0;0;4;18;50
Lagoa (Algarve);0;0;17;1;0;0;11;0;0;24;4;0;2;4;5;0;32;9;1;32;0;130;0;0;0;0;0;1;3;132;0;0;2;1;0;0;10;0;1;0;0;1;0;0;2;96;9;4;0;0;0;3;14;1;0;0;0;0;0;0;0;1;1
Lagoa (R.A.A.);0;0;4;0;0;6;1;1;0;0;9;0;1;0;0;0;12;4;0;2;0;2;0;0;0;0;0;0;2;83;0;0;2;0;0;0;1;0;0;0;0;1;153;0;0;0;18;2;0;0;0;2;0;0;1;0;0;0;0;0;2;4;0
Lagos;0;0;28;0;0;0;10;1;0;28;0;2;2;4;4;0;25;4;2;48;0;130;1;0;0;0;0;1;6;246;1;0;4;0;0;0;14;0;0;1;0;3;0;1;8;61;16;3;0;3;0;5;15;1;2;0;0;0;0;0;1;0;2
Lajes das Flores;0;0;0;0;0;2;0;0;0;0;0;1;0;0;0;0;1;0;0;2;0;0;0;0;0;0;0;0;1;8;0;0;0;0;0;0;0;0;0;0;0;0;6;0;0;0;3;1;0;0;0;0;0;1;0;0;0;0;0;0;1;2;0
Lajes do Pico;0;0;2;0;0;2;2;0;0;0;3;2;2;0;3;0;15;2;0;1;0;1;0;0;0;0;0;0;2;26;0;0;1;0;0;0;1;0;0;0;0;1;11;0;0;1;4;0;0;1;0;1;0;0;5;0;0;1;0;0;0;0;1
Lamego;0;1;13;0;0;0;38;0;0;0;35;20;1;1;3;0;147;40;0;0;0;0;2;0;13;0;3;109;3;74;3;0;11;0;13;0;1;3;3;3;0;0;0;0;0;0;183;0;0;2;0;1;0;0;1;0;1;2;1;0;11;73;65
Leiria;3;3;88;1;1;5;160;2;1;1;37;8;116;53;55;0;697;80;7;58;0;32;0;1;6;0;7;1;2 235;1 020;3;27;7;0;4;0;45;5;3;2;1;95;0;1;24;4;121;38;0;50;0;5;0;7;25;0;1;2;0;0;6;19;31
Lisboa;2;1;1 134;119;0;6;53;4;4;10;47;32;83;908;27;0;231;63;8;154;0;84;0;4;1;0;4;2;44;23 705;15;1;13;0;8;54;1 227;0;3;8;0;18;5;1;17;1;188;18;0;73;2;102;1;7;28;1;1;7;0;0;4;21;25
Loulé;0;0;28;1;0;0;8;0;0;34;5;1;5;9;5;0;49;5;1;33;0;891;0;0;0;0;0;0;4;327;3;0;1;0;1;0;16;0;1;2;0;1;1;0;11;24;26;4;0;4;0;7;7;0;1;0;0;0;0;0;2;2;0
Loures;10;1;266;11;0;0;21;0;5;9;8;10;24;94;13;0;33;23;2;37;0;21;0;0;7;0;1;2;21;4 980;6;0;3;1;3;69;120;1;2;0;0;14;3;0;10;0;37;8;0;39;1;54;0;2;27;0;2;2;0;0;0;5;8
Lourinhã;2;0;20;0;0;0;5;0;0;0;1;1;18;5;3;0;29;6;2;11;0;13;0;0;1;0;0;0;62;320;0;0;0;0;1;0;11;0;0;0;0;47;1;0;3;1;5;7;0;21;0;4;0;0;2;0;0;0;0;0;0;0;2
Lousã;1;1;1;0;0;0;9;1;0;1;1;0;3;2;2;0;437;9;0;0;0;3;0;0;1;0;0;0;7;33;1;0;2;1;0;0;2;0;6;0;1;3;0;0;0;0;16;1;0;0;0;0;0;1;3;0;0;0;0;0;2;2;2
Lousada;1;0;1;1;0;0;48;5;0;0;89;73;1;0;2;0;90;28;0;2;4;1;124;0;5;0;0;5;4;37;40;0;58;0;19;0;1;2;0;47;28;2;0;1;1;0;473;0;0;0;1;0;0;0;2;1;5;9;0;2;43;24;11
Mação;3;0;6;0;0;0;6;0;0;0;0;0;0;4;17;0;19;6;0;1;0;0;0;0;0;0;3;0;13;41;0;0;0;0;0;0;1;0;0;0;0;4;0;0;2;0;0;4;0;13;0;0;0;0;32;0;0;0;0;0;1;0;0
Macedo de Cavaleiros;0;0;3;0;0;0;13;0;0;0;17;173;1;4;2;0;48;21;0;3;0;0;0;0;11;0;0;1;1;25;3;0;4;0;24;0;0;0;1;3;0;0;0;0;2;0;66;0;0;0;2;1;0;0;1;0;0;3;1;0;1;40;0
Machico;1;0;10;0;0;2;14;1;0;6;22;2;1;0;11;0;42;8;0;6;0;4;1;249;1;0;0;2;9;126;0;0;1;0;0;0;5;0;1;0;0;4;3;0;1;1;59;3;1;2;0;6;0;0;2;0;0;0;0;0;3;5;3
Madalena;0;0;2;0;0;1;7;0;0;0;1;0;0;1;0;0;25;1;0;5;0;6;0;0;0;0;0;0;1;39;0;0;0;0;0;0;2;0;0;0;0;0;10;0;2;0;8;0;0;2;0;3;0;0;6;0;0;0;0;1;4;0;1
Mafra;0;0;104;3;0;1;10;0;0;4;5;2;23;79;10;0;28;15;3;32;0;19;0;0;2;0;1;0;51;1 950;0;0;0;1;0;21;77;1;0;0;0;27;1;0;5;0;9;20;0;28;2;19;0;5;3;0;0;0;0;0;1;4;1
Maia;0;1;8;4;0;0;62;31;0;1;148;22;6;7;4;0;67;34;1;4;0;6;23;0;2;0;0;1;3;137;584;0;458;6;7;0;6;4;0;25;0;2;2;17;0;0;3 356;0;0;1;1;1;0;2;1;1;17;102;0;4;212;71;10
Mangualde;0;0;5;0;0;0;38;1;0;0;5;2;2;2;7;0;105;39;0;0;0;2;1;0;23;0;2;1;2;59;0;0;3;0;1;0;5;1;1;1;0;1;0;0;0;0;29;0;0;0;2;1;0;0;2;0;0;0;0;0;1;6;160
Manteigas;0;1;1;0;0;0;0;0;0;0;1;1;0;0;5;0;22;20;0;1;0;0;0;0;5;0;1;1;2;10;0;0;0;0;0;0;1;0;0;0;0;0;1;0;0;0;2;0;0;0;0;1;0;0;0;0;0;0;0;0;1;0;1
Marco de Canaveses;0;4;1;0;0;0;60;4;0;1;72;121;2;1;2;0;129;19;1;3;1;1;55;0;3;0;0;6;0;38;23;0;58;1;30;0;0;2;2;47;24;0;1;0;0;0;564;0;0;0;0;2;0;0;0;1;2;10;0;1;27;237;38
Marinha Grande;1;2;29;1;0;0;32;0;0;2;10;2;33;14;8;0;156;20;1;9;0;8;1;0;6;0;2;1;522;200;0;63;0;0;4;0;17;1;2;3;0;18;0;0;7;0;15;13;0;10;0;3;0;0;4;0;1;1;0;0;4;5;3
Marvão;0;0;2;0;0;0;2;0;0;2;0;0;0;1;4;0;8;5;3;7;0;0;0;0;0;0;0;0;2;13;0;0;0;0;0;0;3;0;0;0;0;0;0;0;31;0;0;0;0;0;0;2;0;0;0;0;0;0;0;0;0;0;0
Matosinhos;3;4;4;4;0;0;81;11;0;4;130;33;4;9;6;0;60;33;1;8;0;11;19;1;3;0;0;1;3;233;504;0;462;0;3;0;6;7;0;43;0;1;0;13;0;0;3 926;1;0;0;3;0;0;1;2;1;15;122;0;6;238;53;3
Mealhada;0;3;3;0;0;0;46;0;0;0;1;0;5;0;0;0;343;6;0;2;0;1;0;0;4;0;0;0;7;22;0;0;1;0;0;0;5;4;17;0;0;2;0;0;0;0;20;1;0;2;0;0;0;0;0;0;0;0;0;0;2;7;3
Mêda;0;1;0;1;0;0;7;0;0;0;0;6;0;0;3;0;26;11;0;0;0;0;0;0;26;0;1;0;1;13;0;0;0;0;0;1;0;0;0;1;0;0;0;0;0;0;8;0;0;0;0;1;0;0;0;0;0;0;0;0;0;2;14
Melgaço;0;1;2;0;1;0;11;3;0;0;31;2;1;0;2;0;17;2;0;1;0;0;2;0;0;0;0;0;2;12;1;0;1;11;0;0;0;0;0;0;0;1;0;6;0;0;22;0;0;0;0;0;0;0;0;2;21;0;0;0;1;11;1
Mértola;0;0;5;0;0;0;0;1;0;35;0;0;0;0;0;0;5;0;0;12;0;30;0;1;0;0;0;0;0;49;0;0;0;0;0;0;1;0;0;0;0;0;1;0;0;0;0;0;0;0;0;3;0;0;0;0;0;0;0;0;0;0;0
Mesão Frio;0;1;0;0;0;0;5;0;0;0;2;17;0;0;0;0;5;3;0;1;0;0;1;0;1;0;0;4;0;4;3;0;6;1;1;0;0;0;0;0;0;0;0;0;0;0;23;0;0;0;0;0;0;0;0;0;0;1;0;0;0;5;5
Mira;0;8;2;0;0;0;55;0;0;0;0;1;3;0;5;0;185;6;2;0;0;3;0;0;5;0;0;0;9;29;1;0;3;0;0;0;2;1;0;1;0;4;0;1;0;0;17;0;0;0;0;0;0;0;0;0;0;0;0;0;2;1;3
Miranda do Corvo;1;0;1;0;0;0;8;0;0;0;2;0;2;0;3;0;366;4;1;0;0;0;0;0;1;0;0;0;3;19;2;0;2;0;2;0;3;1;0;0;0;1;1;0;0;0;7;0;0;0;0;0;0;0;2;0;0;0;0;0;1;0;5
Miranda do Douro;0;0;1;0;0;0;4;0;0;0;3;60;0;0;0;0;8;2;0;1;0;0;1;0;2;0;0;0;1;11;1;0;5;0;8;0;0;0;0;0;0;0;0;0;0;0;39;0;0;0;0;0;0;0;0;0;0;0;0;0;2;8;1
Mirandela;0;1;3;0;0;0;26;1;0;0;23;192;1;0;5;0;72;23;0;2;0;3;0;0;7;0;0;1;1;35;3;0;4;0;250;0;1;0;0;2;0;0;3;0;0;0;132;0;0;0;0;0;0;0;0;0;1;1;0;1;11;91;4
Mogadouro;0;1;0;0;0;0;2;0;0;0;2;76;0;0;2;0;26;1;0;2;0;1;0;0;3;0;1;0;1;7;1;0;1;0;4;0;1;0;0;2;0;0;0;0;0;0;30;1;0;0;0;0;0;0;0;0;1;0;0;0;3;20;3
Moimenta da Beira;0;0;0;0;0;0;21;0;0;0;5;6;0;3;2;0;71;22;0;1;1;1;1;0;8;0;0;15;2;18;0;0;0;0;0;0;1;0;1;0;0;0;0;0;0;0;25;0;0;1;0;0;0;0;0;0;1;1;0;0;2;18;59
Moita;1;0;118;3;0;0;7;2;102;9;3;3;6;13;4;0;10;10;1;37;0;9;2;1;3;0;0;0;2;858;0;0;0;0;0;2;23;0;0;0;0;3;0;0;5;1;3;1;0;6;0;407;0;0;6;0;0;1;0;0;1;0;1
Monção;0;0;2;0;1;0;18;9;0;0;77;10;0;1;2;0;45;10;0;1;0;1;2;0;2;0;0;1;1;23;4;0;12;10;2;0;0;0;1;0;0;0;0;10;0;0;84;0;0;0;0;0;0;0;0;21;57;0;2;0;8;17;2
Monchique;0;0;11;0;0;0;0;0;0;11;1;0;1;0;0;0;5;0;0;10;0;24;0;0;0;0;1;0;1;28;0;0;0;0;0;0;2;0;0;0;0;0;0;0;0;14;0;0;0;0;0;2;6;0;0;0;0;0;0;0;0;0;0
Mondim de Basto;0;0;3;0;0;0;7;1;0;0;20;24;1;0;1;0;19;3;0;0;3;0;3;0;1;0;0;2;1;7;1;0;5;0;6;0;0;1;0;0;0;0;0;0;0;0;34;0;0;1;0;0;0;0;0;0;3;1;0;0;4;40;1
Monforte;0;0;2;0;0;0;0;0;0;2;0;0;0;1;1;0;0;0;5;16;0;0;0;0;1;0;0;0;1;19;0;0;0;0;0;0;1;0;0;0;0;0;0;0;24;0;1;0;0;0;0;1;0;0;0;0;0;0;0;0;0;0;0
Montalegre;0;0;0;0;2;0;2;5;0;1;52;21;0;2;0;2;18;1;0;1;0;1;0;0;0;0;0;0;0;11;2;0;2;0;12;0;1;0;0;1;0;0;0;2;0;0;30;0;0;0;0;1;0;0;0;0;0;0;1;0;1;33;2
Montemor-o-Novo;0;0;17;2;0;0;0;0;2;9;1;0;4;3;2;0;9;2;3;129;0;8;0;0;0;0;0;0;3;149;0;0;0;0;0;0;3;0;0;0;0;0;0;0;5;0;0;8;0;14;0;13;0;2;0;0;0;0;0;0;0;0;0
Montemor-o-Velho;1;0;2;0;0;0;24;0;0;0;1;2;5;2;4;0;619;9;0;3;0;2;0;0;5;0;0;0;21;45;1;0;1;0;0;0;3;5;7;0;0;3;0;0;1;0;25;0;0;1;0;1;0;1;4;0;0;0;0;0;1;0;12
Montijo;0;0;98;1;0;0;6;0;2;13;3;3;3;19;5;0;3;5;1;51;0;5;0;0;0;0;0;0;5;847;1;0;0;0;0;2;18;0;1;1;0;1;0;0;6;1;11;5;0;9;0;210;1;0;3;0;0;0;0;0;0;0;1
Mora;0;0;3;0;0;0;0;0;0;1;0;0;0;0;2;0;7;0;0;31;0;1;0;0;1;0;0;0;1;28;0;0;0;0;0;0;0;0;0;0;0;0;0;0;5;0;0;1;0;0;0;2;0;0;2;0;0;0;0;0;0;1;0
Mortágua;0;4;0;0;0;0;9;0;0;0;3;2;0;1;0;0;103;9;0;5;0;0;0;1;2;0;0;0;4;11;0;0;2;0;0;0;2;0;2;0;0;0;0;0;0;0;18;1;0;0;1;0;0;0;1;0;0;0;0;0;1;0;32
Moura;0;0;17;0;0;0;2;0;0;116;0;1;1;5;1;0;3;5;3;51;2;23;0;0;0;0;1;0;1;87;0;0;0;0;0;0;2;0;0;0;0;0;0;0;8;3;2;2;0;11;0;9;0;0;0;0;0;0;0;0;0;1;0
Mourão;1;0;2;0;0;0;0;0;0;11;0;0;0;1;0;0;0;0;0;11;0;3;0;0;0;0;0;0;0;20;0;0;0;0;0;0;1;0;0;0;0;0;0;0;4;0;0;0;0;1;0;2;0;0;0;0;0;0;0;0;0;0;0
Murça;0;0;0;0;0;0;4;2;0;0;2;37;0;0;0;0;6;5;0;1;0;0;0;0;1;0;0;1;0;3;0;0;1;0;9;0;1;0;0;0;0;0;0;0;0;1;16;0;0;0;1;0;0;0;0;1;0;0;0;0;0;37;1
Murtosa;2;5;0;0;0;0;55;0;0;1;1;0;0;1;2;0;32;10;0;1;0;1;0;0;6;0;0;0;2;11;3;0;4;0;0;0;3;7;4;0;0;1;0;2;0;0;33;0;5;2;0;1;0;0;0;0;1;2;0;0;1;1;7
Nazaré;1;1;5;0;0;0;15;0;0;0;3;1;14;0;6;0;48;4;0;7;0;4;0;0;0;0;0;0;110;107;1;2;1;0;0;1;8;0;1;0;0;12;0;0;3;0;16;13;0;13;0;0;0;0;1;0;0;0;0;0;0;1;2
Nelas;0;0;4;0;0;0;33;2;0;1;5;1;0;4;6;0;101;16;0;2;0;1;0;0;9;0;0;4;4;50;1;0;1;0;0;0;1;0;2;0;0;1;0;0;1;0;23;3;0;1;2;0;0;0;0;0;0;0;0;0;0;4;116
Nisa;0;0;2;0;0;0;3;0;0;0;1;0;0;0;23;0;9;12;2;18;0;3;0;0;4;0;1;0;3;33;0;0;0;0;0;0;3;0;0;0;0;0;0;0;25;0;1;2;0;0;0;0;0;0;0;0;0;0;0;0;0;0;2
Nordeste;0;0;0;0;0;1;0;0;0;0;4;1;0;0;1;0;2;0;0;0;0;0;1;0;0;0;0;0;0;6;0;0;1;0;0;0;0;0;0;0;0;0;48;0;0;0;8;0;0;0;0;0;0;0;0;0;0;0;0;0;2;3;0
Óbidos;1;0;8;0;0;0;5;0;0;1;0;0;25;1;5;0;28;5;0;3;0;1;0;0;0;0;0;1;62;109;0;0;0;0;1;0;5;0;0;0;0;18;0;0;0;0;1;9;0;18;0;1;0;0;3;0;0;0;0;0;0;2;3
Odemira;0;0;13;0;0;0;4;0;0;77;1;2;3;6;4;0;20;4;2;27;0;85;1;0;0;0;1;0;2;149;0;0;0;0;0;1;9;0;1;0;0;2;2;0;2;9;5;5;0;7;0;16;3;0;2;0;0;0;0;0;1;3;1
Odivelas;0;1;173;8;0;0;14;1;6;0;11;6;20;92;13;0;17;17;0;22;0;20;0;2;2;0;0;0;8;3 844;2;0;2;0;1;103;106;0;3;1;0;12;0;0;8;0;19;3;0;31;3;55;0;3;1;0;0;0;0;0;0;5;6
Oeiras;0;0;415;21;0;3;13;1;3;8;8;7;31;375;15;0;41;26;4;44;0;34;0;2;4;0;2;1;14;5 290;2;0;3;1;1;22;486;0;0;0;0;7;5;0;8;2;46;5;0;16;0;30;0;4;6;0;0;1;0;0;0;6;4
Oleiros;0;0;0;0;0;0;1;0;0;0;2;1;0;0;34;0;31;11;0;1;0;0;0;0;1;0;4;0;4;14;0;0;0;0;0;0;2;0;0;0;0;1;0;0;1;0;3;0;0;1;0;0;0;0;0;0;0;0;0;0;0;0;0
Olhão;0;0;17;1;0;0;6;0;0;28;1;0;3;1;0;0;29;11;2;18;0;644;0;0;0;0;0;0;2;166;0;0;4;0;3;0;10;0;0;2;0;1;0;0;2;10;15;0;0;0;0;1;2;0;0;0;0;0;0;0;0;0;1
Oliveira de Azeméis;1;22;6;1;0;0;332;2;0;1;38;11;7;5;9;0;303;52;0;6;0;6;8;1;12;0;2;2;11;87;31;0;38;1;1;0;3;172;2;5;0;2;0;1;0;0;438;0;103;0;4;1;0;0;3;1;1;4;0;0;41;39;53
Oliveira de Frades;0;4;2;0;0;0;32;0;0;0;1;2;0;2;1;0;54;6;0;1;0;2;0;0;20;0;0;2;4;16;2;0;1;0;0;0;2;1;0;0;0;2;0;1;0;0;14;0;0;0;1;0;0;0;0;0;0;1;0;0;2;4;60
Oliveira do Bairro;0;48;2;0;0;0;186;2;0;0;6;2;2;0;9;0;208;14;0;4;0;0;1;0;10;0;2;3;18;28;8;0;2;0;1;0;2;4;6;0;0;2;0;0;1;0;75;0;1;1;2;0;0;0;3;0;1;0;0;0;5;8;36
Oliveira do Hospital;0;0;7;1;0;0;18;1;0;1;2;6;3;1;13;0;262;16;1;3;0;0;0;0;20;0;1;0;13;57;0;0;1;0;0;1;3;1;80;1;0;2;0;0;0;0;26;3;0;1;5;0;0;0;1;0;0;0;0;0;0;7;25
Ourém;6;3;38;1;1;0;71;0;0;1;6;4;47;17;33;0;238;34;1;24;0;14;1;0;2;0;3;0;418;374;0;1;1;0;0;0;21;0;2;2;0;25;2;0;15;1;38;13;0;31;0;3;0;1;40;0;0;0;0;1;0;6;11
Ourique;0;0;4;0;0;0;0;0;0;28;0;0;0;0;1;0;2;1;0;4;0;23;0;0;0;0;0;0;0;31;0;0;0;0;0;0;1;0;0;0;0;0;0;0;0;2;1;0;0;1;0;0;0;0;0;0;0;0;0;0;0;0;0
Ovar;1;24;8;3;0;1;420;2;0;0;42;9;1;3;9;0;135;24;0;3;0;0;3;0;5;0;0;1;9;54;29;0;36;0;1;0;2;45;0;5;0;2;1;2;1;0;622;2;74;1;1;0;1;0;2;0;1;13;0;1;70;23;26
Paços de Ferreira;2;1;2;0;0;0;58;10;0;1;146;51;2;0;6;0;122;20;0;4;0;2;88;0;6;0;0;5;2;61;66;0;78;2;19;0;1;2;1;48;12;0;2;1;1;0;623;0;0;1;1;2;0;1;0;2;12;15;0;6;42;94;5
Palmela;1;0;206;10;0;0;5;0;18;7;3;2;8;23;2;0;21;4;0;78;0;21;0;0;0;0;0;1;5;1 053;2;0;0;0;1;5;25;0;0;0;0;6;0;0;6;1;12;8;0;3;0;475;0;0;6;0;0;0;0;0;0;3;1
Pampilhosa da Serra;0;0;0;0;0;0;0;0;0;0;0;0;0;0;4;0;17;4;0;0;0;0;0;0;2;0;3;0;3;4;0;0;0;0;0;0;2;0;0;0;0;0;0;0;0;0;2;0;0;0;0;0;0;0;1;0;0;0;0;0;0;1;0
Paredes;0;1;5;1;0;0;61;16;0;0;75;68;3;1;5;0;65;29;0;8;1;5;98;0;8;0;2;1;9;66;85;0;177;0;19;0;1;4;4;146;29;0;1;3;1;0;1 183;0;0;0;0;0;0;0;0;4;11;13;0;3;97;114;8
Paredes de Coura;0;0;0;0;2;0;6;6;0;0;31;4;1;0;1;0;18;2;0;1;0;0;0;0;1;0;0;0;2;13;0;0;3;3;2;0;0;0;1;0;0;0;1;9;0;0;35;0;0;1;0;0;0;0;0;18;44;0;0;0;4;11;1
Pedrógão Grande;0;0;1;0;0;0;0;0;0;0;1;0;0;0;8;0;26;3;0;1;0;1;0;0;0;0;0;0;8;9;0;0;1;0;0;0;2;0;1;0;0;1;0;0;0;0;1;0;0;0;0;0;0;0;5;0;0;0;0;0;0;1;0
Penacova;0;0;0;0;0;0;9;0;0;0;0;2;4;0;6;0;309;5;1;2;0;0;0;0;1;0;1;0;8;18;0;0;0;0;1;0;0;0;9;0;0;1;0;0;0;0;5;0;0;0;1;0;0;0;0;0;0;0;0;0;0;1;6
Penafiel;0;1;3;1;0;0;48;3;0;0;71;117;1;0;7;0;102;44;0;5;1;2;72;1;7;0;2;4;0;67;65;0;91;0;39;0;0;2;3;106;91;0;1;1;1;0;1 006;0;0;1;1;0;0;1;1;0;8;7;0;3;72;111;14
Penalva do Castelo;0;0;0;0;0;0;26;0;0;0;0;1;0;0;6;0;18;12;0;0;0;0;0;0;8;0;0;2;2;16;0;0;3;0;2;0;0;0;0;0;0;0;0;0;0;0;6;1;0;0;0;0;0;0;0;0;0;0;0;0;1;1;69
Penamacor;0;0;1;0;0;0;0;0;0;0;0;0;0;1;14;0;4;30;0;2;0;2;0;0;5;0;5;0;0;13;0;0;0;0;0;0;1;0;0;0;0;0;0;0;2;0;2;0;0;1;1;0;0;0;0;0;0;0;0;0;0;0;1
Penedono;0;1;1;0;0;0;6;0;0;0;1;2;0;0;0;0;15;2;0;0;0;0;0;0;6;0;2;0;0;5;3;0;1;0;1;0;1;0;0;0;0;0;0;0;1;0;4;0;0;0;1;0;0;0;0;0;0;0;0;0;0;4;20
Penela;0;0;1;0;0;0;1;0;0;0;0;0;1;0;0;0;133;3;0;2;0;0;0;0;0;0;0;0;7;5;0;0;0;0;0;0;1;1;1;0;0;2;0;0;0;0;1;1;0;1;0;0;0;0;2;0;1;0;0;0;0;1;0
Peniche;3;0;19;0;0;1;15;0;0;0;1;0;20;9;8;0;51;4;1;9;0;5;0;0;2;0;0;0;90;249;1;0;0;0;0;0;10;0;0;1;0;119;0;0;3;1;11;12;0;14;0;2;0;0;7;0;0;0;0;0;0;1;1
Peso da Régua;0;0;2;0;0;0;14;1;0;1;12;37;0;0;2;2;49;5;0;2;0;2;1;0;6;0;0;22;1;25;7;0;7;0;14;0;0;0;0;0;0;0;0;0;0;0;106;0;0;1;1;1;0;0;0;1;1;3;0;0;7;113;26
Pinhel;0;0;0;0;0;0;19;0;0;0;2;2;0;0;17;0;36;53;0;1;0;1;0;0;40;0;1;0;1;22;0;0;0;0;0;0;0;0;0;0;0;0;0;0;0;0;7;0;0;1;0;0;0;0;0;1;1;0;0;0;0;7;10
Pombal;4;2;22;0;0;1;90;1;0;3;12;4;32;9;32;0;459;51;1;14;0;8;1;0;10;0;2;1;426;214;0;5;5;1;1;2;22;2;7;2;0;26;1;0;3;1;48;14;0;16;2;2;0;0;20;0;1;1;0;0;5;7;13
Ponta Delgada;0;1;34;1;0;29;33;7;0;10;27;11;6;21;2;0;108;8;0;17;0;12;2;2;2;0;2;0;11;491;10;0;8;3;2;1;57;1;8;0;0;1;932;4;3;0;174;6;0;2;1;6;0;0;3;0;2;2;0;2;12;17;12
Ponta do Sol;0;0;2;0;0;0;2;0;0;3;4;1;0;0;4;0;24;2;0;1;0;1;0;71;0;0;1;1;2;46;1;0;2;0;0;0;2;0;2;0;0;2;1;0;0;0;18;2;0;2;0;1;0;0;0;0;0;0;0;0;1;4;0
Ponte da Barca;0;2;0;0;0;0;10;11;0;0;92;6;0;1;1;0;15;12;0;2;0;0;1;0;2;0;0;0;3;14;1;0;1;3;1;0;1;0;0;0;0;0;0;9;1;0;37;0;0;0;0;0;0;1;0;9;60;2;0;0;1;15;2
Ponte de Lima;2;0;0;0;4;1;63;37;0;0;370;23;2;3;3;0;83;18;0;2;0;1;10;0;1;0;0;0;4;47;9;0;9;11;9;0;3;0;1;2;0;0;0;46;0;0;196;0;0;0;0;0;0;1;1;21;233;2;2;2;17;47;6
Ponte de Sor;2;0;17;0;0;0;14;0;0;1;0;1;2;3;45;0;35;17;2;62;0;9;0;0;0;0;2;2;7;109;0;0;0;0;0;1;3;0;0;0;0;0;0;0;56;0;5;4;0;10;0;4;0;0;5;0;1;0;0;0;0;0;1
Portalegre;0;0;33;0;0;0;7;0;0;5;1;0;0;8;29;0;46;22;14;94;0;3;0;0;4;0;1;0;13;234;0;0;1;0;0;0;14;0;0;0;0;2;0;0;469;0;4;1;0;0;2;3;0;0;3;0;0;0;0;0;0;1;1
Portel;0;0;4;0;0;0;2;0;0;40;0;0;0;0;3;0;3;1;0;39;0;9;0;0;0;0;0;0;0;15;0;0;0;0;0;0;2;0;0;0;0;0;0;0;0;0;1;1;0;0;0;7;1;0;0;0;0;0;0;0;0;1;0
Portimão;1;0;39;4;0;0;24;0;0;65;5;4;3;18;16;0;53;10;5;72;0;284;0;0;5;0;2;0;11;419;1;0;2;0;3;1;18;0;0;0;0;3;1;0;8;279;21;9;0;3;0;7;48;0;1;0;0;2;0;0;3;2;4
Porto;0;2;15;6;0;0;153;17;0;2;220;26;9;65;10;1;346;47;1;16;3;18;27;0;6;1;1;2;7;520;373;0;610;2;10;0;14;4;0;108;3;1;6;16;1;0;10 083;1;1;1;2;0;0;2;1;2;21;161;0;16;564;88;14
Porto de Mós;1;0;20;1;0;1;32;0;0;1;3;2;30;4;18;0;101;21;0;26;0;1;0;0;2;0;0;0;230;190;0;4;1;0;1;0;6;0;0;1;0;6;0;0;7;1;21;9;0;12;0;3;0;0;5;0;0;0;0;0;0;0;4
Porto Moniz;0;0;1;0;0;0;0;0;0;1;4;1;1;0;1;0;6;1;0;3;0;0;0;24;0;0;0;0;1;16;0;0;0;0;0;0;0;0;0;0;0;1;0;0;0;0;9;1;0;1;0;8;0;0;0;0;0;0;0;0;0;2;0
Porto Santo;0;0;3;0;0;0;0;1;0;2;1;1;1;0;0;0;5;1;0;1;0;5;0;24;0;0;0;0;3;31;0;0;2;0;0;0;2;0;0;0;0;1;1;0;2;0;11;1;0;0;0;0;0;0;1;0;0;0;0;0;1;2;0
Póvoa de Lanhoso;0;0;0;0;15;0;5;52;0;1;307;22;1;0;0;0;20;8;0;2;9;1;1;0;3;0;1;0;1;16;10;0;3;4;3;0;0;1;0;3;0;0;0;1;0;1;53;0;0;0;1;0;0;0;0;4;17;0;0;5;2;33;2
Póvoa de Varzim;0;0;4;1;0;1;38;98;0;1;192;17;7;7;10;0;74;20;0;10;0;5;6;1;3;0;0;0;5;70;115;0;104;3;6;0;3;1;2;10;1;1;2;20;0;0;934;1;0;1;0;0;0;0;2;7;112;69;0;33;66;50;6
Povoação;0;0;3;0;0;3;0;0;0;0;2;0;0;0;0;0;10;1;0;3;0;1;0;1;0;0;1;0;2;8;0;0;0;0;0;0;0;0;0;0;0;1;53;0;1;0;8;0;0;0;0;1;0;0;0;0;0;0;0;0;0;4;1
Proença-a-Nova;1;0;13;0;0;0;3;0;0;0;0;2;0;1;45;0;29;17;0;1;0;0;0;0;2;0;2;0;8;58;0;0;0;0;1;1;2;0;1;0;0;2;0;0;7;0;1;3;0;1;1;3;0;0;2;0;0;1;0;0;0;1;1
Redondo;0;0;3;0;0;0;1;0;0;11;1;0;0;1;3;0;11;0;1;68;0;2;0;0;0;0;1;0;2;62;0;0;0;0;0;0;4;0;0;0;0;1;0;0;17;0;3;1;0;0;0;1;0;0;1;0;0;0;0;0;0;2;0
Reguengos de Monsaraz;0;0;8;0;0;0;2;0;0;18;1;0;0;0;0;0;11;2;0;98;0;13;0;0;0;0;0;0;3;52;0;0;0;0;0;1;1;0;0;0;0;1;1;0;0;3;2;1;0;2;0;4;0;1;0;0;0;0;0;0;0;0;1
Resende;0;0;0;0;0;0;5;1;0;0;4;30;0;1;2;0;27;4;0;0;1;0;1;0;8;0;0;16;1;8;2;1;3;0;0;0;0;0;0;0;0;0;0;0;1;0;72;0;0;0;0;0;0;0;0;0;0;2;0;0;7;31;40
Ribeira Brava;1;0;7;0;0;1;0;0;0;0;7;1;1;0;5;0;26;9;0;9;0;9;1;165;1;0;1;0;1;64;1;0;3;0;1;0;2;0;1;0;0;3;2;0;3;1;33;2;0;2;0;6;0;0;1;0;0;0;0;0;2;2;0
Ribeira de Pena;0;0;1;0;1;0;2;1;0;0;10;10;0;0;1;1;9;3;0;0;0;1;0;0;2;0;0;0;0;4;0;0;2;1;3;0;0;0;1;0;0;0;0;0;1;0;22;0;0;0;0;0;0;0;0;0;0;0;0;0;5;60;1
Ribeira Grande;1;0;10;0;0;11;15;2;0;2;14;1;2;0;1;0;37;7;0;11;0;3;1;1;0;0;2;0;15;104;2;0;0;0;0;0;5;0;1;1;0;5;334;0;2;0;29;1;0;5;0;1;0;0;3;0;0;0;0;2;2;9;2
Rio Maior;1;1;21;1;0;0;4;0;0;1;1;0;15;9;11;0;36;6;1;17;0;13;0;0;1;0;0;0;76;215;0;0;0;0;0;0;4;0;0;0;0;26;1;0;3;3;3;35;0;95;1;4;0;0;2;0;0;0;0;0;0;1;0
Sabrosa;0;0;0;0;1;0;6;0;0;0;2;14;0;0;0;0;6;5;0;1;0;0;0;0;3;0;0;0;0;5;0;0;1;0;5;0;0;0;0;0;0;0;0;0;0;0;13;0;0;0;0;0;0;0;0;0;0;0;0;0;2;55;3
Sabugal;0;0;4;0;0;0;10;0;0;0;1;2;0;0;15;0;40;41;0;2;0;0;0;0;33;0;2;1;2;31;1;0;0;0;1;0;2;0;1;0;0;0;0;0;1;0;10;1;0;0;0;1;0;1;0;0;0;0;0;0;0;3;6
Salvaterra de Magos;2;2;22;0;0;0;5;0;1;0;0;1;19;5;15;0;16;10;1;35;0;5;0;0;3;0;0;0;16;237;0;0;0;0;0;0;8;0;0;0;0;5;0;0;4;0;3;10;0;120;0;6;0;0;3;0;0;0;0;0;0;1;2
Santa Comba Dão;0;0;3;0;0;0;27;0;0;0;2;0;0;3;8;0;93;15;0;4;0;0;0;0;7;0;0;0;4;32;1;0;0;0;0;0;1;0;2;0;0;1;0;0;0;0;21;0;0;1;2;0;0;0;0;0;0;0;0;0;0;4;63
Santa Cruz;1;0;19;0;0;1;25;2;0;4;36;1;4;7;12;0;85;20;0;10;0;17;0;561;1;0;0;2;11;331;1;0;8;0;2;0;9;3;0;0;0;7;6;0;4;1;92;6;0;5;0;4;0;0;2;0;0;2;0;0;6;11;2
Santa Cruz da Graciosa;0;0;1;0;0;6;2;0;0;0;1;1;0;1;0;0;5;0;0;1;0;1;0;0;0;0;0;0;3;18;0;0;2;0;0;0;1;0;0;0;0;0;21;0;1;0;10;0;0;2;0;1;0;0;0;0;0;1;0;0;0;2;1
Santa Cruz das Flores;0;0;2;0;0;0;2;1;0;0;0;0;0;0;0;0;3;0;0;0;0;0;0;0;1;0;0;0;0;20;0;0;0;0;1;0;0;0;0;0;0;0;5;0;0;0;2;0;0;0;0;0;0;0;0;0;0;0;0;0;0;0;0
Santa Maria da Feira;2;29;6;1;0;0;546;6;0;0;101;26;10;6;20;1;298;78;0;10;0;7;15;0;17;0;1;8;15;135;104;0;126;2;5;0;4;126;3;18;0;4;2;1;1;0;1 834;2;184;2;5;2;1;0;3;1;8;22;0;2;198;69;53
Santa Marta de Penaguião;0;1;1;0;0;0;3;0;0;0;7;32;0;1;0;0;11;5;0;0;0;1;1;0;2;0;0;10;1;6;0;0;3;0;5;0;0;0;0;2;0;0;0;0;0;0;28;0;0;0;0;0;0;0;0;0;0;0;0;1;4;72;1
Santana;0;0;5;0;0;0;3;1;0;1;5;1;0;2;5;0;12;5;0;2;0;1;0;75;0;0;0;0;4;30;0;0;5;0;0;0;1;0;1;0;0;1;2;0;2;0;19;2;0;3;0;0;0;0;1;0;0;0;0;0;2;5;0
Santarém;12;0;83;0;0;0;37;1;0;3;3;2;26;28;18;0;176;32;3;69;0;16;0;0;1;0;4;0;110;858;2;0;0;0;4;1;32;0;4;1;0;22;0;0;12;4;20;53;0;612;0;16;1;1;23;0;1;0;0;0;0;4;5
Santiago do Cacém;1;0;65;1;0;0;9;0;3;76;0;0;0;4;2;0;15;5;0;43;0;48;0;0;0;0;1;0;2;254;0;0;1;0;0;0;7;0;0;0;0;1;0;0;7;0;7;2;0;1;0;104;2;1;1;0;0;0;0;0;0;1;1
Santo Tirso;0;0;1;1;0;0;42;39;0;1;367;35;3;1;8;0;68;20;0;5;4;8;61;0;5;0;1;2;4;57;122;0;79;1;11;0;2;2;0;13;0;3;1;3;0;0;899;1;0;1;1;1;0;0;2;1;14;28;0;58;72;69;6
São Brás de Alportel;0;0;6;0;0;0;0;0;0;8;2;0;0;0;2;0;5;2;0;13;0;160;1;0;0;0;0;0;1;59;1;0;0;0;0;0;5;0;0;0;0;0;0;0;1;5;8;1;0;0;0;0;3;0;0;0;1;1;0;0;0;0;1
São João da Madeira;0;1;2;1;0;0;86;3;0;0;22;9;2;1;1;0;97;22;0;1;0;3;0;0;10;0;0;2;3;34;7;0;20;2;2;0;4;29;4;4;0;1;1;2;0;0;258;2;34;0;0;0;0;0;0;0;1;3;0;0;13;6;19
São João da Pesqueira;0;0;1;0;0;0;8;1;0;0;1;14;0;2;1;0;27;5;0;0;0;1;0;0;12;0;0;3;0;11;1;0;2;0;5;0;0;0;1;0;0;0;0;0;0;0;16;0;0;0;0;0;0;0;0;0;0;0;0;0;2;17;23
São Pedro do Sul;0;4;6;0;0;1;43;0;0;0;0;2;2;3;2;0;99;17;0;1;0;0;0;0;18;0;1;4;3;43;1;0;3;0;1;0;1;1;1;1;0;1;1;0;2;0;39;0;0;1;5;1;0;0;0;0;0;0;0;0;0;12;107
São Roque do Pico;0;0;0;0;0;1;0;0;0;0;1;0;0;0;0;0;10;0;0;3;0;0;0;0;0;0;0;0;0;20;0;0;0;0;0;0;2;0;0;0;0;0;11;0;0;0;7;0;0;0;0;0;0;0;0;0;0;0;0;0;0;0;1
São Vicente;0;0;1;0;0;1;0;0;0;1;7;1;0;1;1;0;5;0;1;0;0;3;0;41;0;0;0;0;3;26;1;0;0;0;1;0;0;0;0;0;0;0;2;0;0;0;13;0;0;0;0;0;0;0;0;0;0;1;0;0;0;4;1
Sardoal;5;0;1;0;0;0;3;0;1;0;0;0;2;0;5;0;11;20;0;4;0;0;0;0;0;0;0;0;7;28;0;0;0;0;0;0;1;0;0;0;0;3;0;0;4;0;1;2;0;1;0;0;0;2;10;0;0;0;0;0;0;0;0
Sátão;0;1;6;0;0;0;25;1;0;0;3;4;0;1;5;0;80;25;0;3;1;0;0;0;13;0;2;7;2;37;0;0;1;0;0;1;1;0;1;0;0;1;0;0;1;0;25;0;0;2;2;1;0;0;0;0;0;1;0;0;3;8;117
Seia;1;2;7;2;0;0;29;1;0;0;6;10;1;1;17;0;167;38;0;7;0;4;0;0;39;0;5;4;7;75;1;0;2;0;0;0;3;0;24;0;0;1;0;0;1;0;23;8;0;1;23;2;0;0;1;0;0;0;0;0;1;5;66
Seixal;1;1;763;15;0;0;10;1;17;22;9;6;14;79;16;0;33;13;4;61;0;19;1;0;4;0;5;1;7;2 976;3;0;2;0;2;11;85;0;0;0;0;4;1;0;6;2;30;2;0;12;0;629;0;1;4;0;2;1;0;0;0;2;7
Sernancelhe;0;0;1;0;1;0;5;0;0;0;1;1;0;0;4;0;18;9;0;0;0;0;1;0;9;0;1;4;0;9;2;0;0;0;0;0;0;0;0;2;0;0;0;0;1;0;5;0;0;0;0;1;0;0;0;0;0;1;0;1;1;0;35
Serpa;0;0;15;0;0;0;4;0;0;160;0;2;5;3;3;0;6;1;0;37;1;43;0;0;1;0;0;0;4;77;0;0;0;0;1;0;5;0;0;0;0;1;0;0;4;1;5;3;0;2;0;3;0;0;0;0;0;0;0;0;0;1;1
Sertã;1;1;3;0;0;0;15;0;0;0;0;1;0;2;76;0;154;11;0;2;0;1;0;0;3;0;5;0;35;66;0;0;0;0;0;0;3;2;4;0;0;2;0;0;3;0;3;2;0;2;0;2;0;0;14;0;0;0;0;0;0;2;1
Sesimbra;1;0;195;3;0;0;8;1;13;3;0;0;1;21;4;0;11;3;0;18;0;11;0;2;1;0;1;1;5;755;0;0;0;0;0;4;28;0;0;1;0;5;1;0;5;0;6;2;0;7;0;344;0;1;4;0;0;0;0;0;1;2;1
Setúbal;2;0;379;10;0;0;10;1;46;15;4;2;9;48;8;0;58;22;3;130;0;30;0;4;1;0;0;0;4;1 861;2;0;1;1;0;3;82;1;1;2;0;2;1;0;11;1;21;10;0;13;0;1 414;0;2;2;0;0;2;0;0;2;3;5
Sever do Vouga;2;10;0;0;0;0;85;1;0;0;3;4;2;0;4;0;74;19;0;3;0;0;0;0;4;0;0;3;5;17;0;0;1;0;2;0;1;10;1;0;0;1;0;0;0;1;33;1;0;0;1;0;0;0;0;0;1;2;0;0;0;3;22
Silves;1;2;27;0;0;0;13;0;0;30;0;0;2;8;11;0;29;5;2;45;0;223;0;0;0;0;0;0;8;203;0;0;0;0;0;0;5;0;1;0;0;2;0;0;2;60;5;2;0;2;0;7;14;0;0;0;1;0;0;0;0;2;0
Sines;0;0;18;0;0;0;1;0;1;22;1;0;1;0;3;0;4;1;1;18;0;39;0;0;0;0;0;0;0;128;0;0;0;0;0;0;8;0;0;0;0;0;0;0;1;0;1;8;0;3;0;64;1;0;5;0;0;0;0;0;0;0;0
Sintra;9;0;594;36;0;1;35;2;38;30;22;32;28;401;48;0;102;38;7;96;0;63;3;2;15;0;5;2;46;9 935;11;0;2;0;9;98;476;2;6;3;0;25;5;2;25;7;44;18;0;64;0;138;0;7;44;2;2;2;0;1;2;10;17
Sobral de Monte Agraço;0;0;11;1;0;0;0;0;0;3;0;0;3;5;1;0;4;1;2;1;0;4;0;0;0;0;0;0;9;186;0;0;0;0;0;2;6;0;0;0;0;11;1;0;3;0;0;1;0;3;0;3;0;0;1;0;0;0;0;0;0;0;0
Soure;1;0;5;2;0;0;9;1;0;2;2;1;5;2;1;0;417;5;0;3;0;2;0;0;3;0;0;1;24;22;0;0;0;0;1;0;4;1;4;0;0;4;0;0;0;0;5;0;0;1;0;1;0;1;2;0;0;0;0;0;0;3;0
Sousel;0;0;4;0;0;0;1;0;0;4;0;0;1;0;2;0;2;0;7;18;0;5;0;0;0;0;1;0;0;35;0;0;0;0;0;0;0;0;0;0;0;0;0;0;8;2;2;1;0;2;0;3;0;0;1;0;0;0;0;0;0;0;1
Tábua;0;0;0;0;0;0;6;0;0;0;1;0;0;0;0;0;134;19;1;1;0;1;0;0;3;0;0;0;4;21;0;0;0;0;0;0;0;0;22;0;0;2;0;0;1;0;6;2;0;1;1;2;0;0;0;0;0;1;0;0;1;4;23
Tabuaço;0;0;2;0;0;0;7;0;0;0;1;13;0;1;1;0;19;3;0;1;0;3;0;0;3;0;0;7;0;4;1;0;0;0;3;0;0;0;0;0;0;0;0;0;0;0;10;0;0;0;0;0;0;0;0;0;0;0;0;0;2;16;27
Tarouca;0;0;1;0;0;0;11;0;0;0;8;13;0;0;4;0;38;7;0;1;0;0;2;0;1;0;0;21;0;18;4;0;2;0;5;0;0;0;0;0;0;0;0;0;0;0;32;1;0;1;0;0;0;0;0;0;0;1;0;0;0;20;20
Tavira;0;0;20;1;0;0;1;1;0;25;6;1;0;3;5;0;25;4;0;34;0;257;1;1;1;0;0;0;7;149;0;0;0;0;1;0;8;0;0;0;0;0;0;0;3;12;6;0;0;3;0;2;3;0;0;0;0;0;0;0;1;0;2
Terras de Bouro;0;1;0;0;4;0;1;14;0;0;65;8;0;0;1;0;8;6;0;0;3;1;0;0;1;0;0;0;0;5;2;0;0;2;2;0;0;0;0;0;0;0;0;4;1;0;7;0;0;0;0;0;0;0;0;1;11;1;0;1;4;8;2
Tomar;13;2;37;0;0;0;38;0;0;0;11;0;9;10;27;0;193;34;2;39;0;9;1;1;3;0;0;0;97;370;0;0;0;1;0;1;19;0;0;1;0;13;2;0;6;0;13;7;0;27;0;7;1;0;422;0;0;0;0;0;2;5;3
Tondela;0;2;10;0;0;1;80;0;0;1;4;4;2;7;5;0;162;30;0;1;1;2;1;1;9;0;2;5;14;93;1;0;2;0;1;0;4;1;3;1;0;1;0;0;1;1;48;1;0;1;4;0;0;0;3;0;0;1;0;0;2;13;225
Torre de Moncorvo;1;0;1;0;0;0;2;0;0;0;10;45;0;0;0;1;28;6;0;0;0;0;0;0;3;0;0;1;2;8;0;0;1;0;9;0;0;1;0;1;0;0;0;0;0;0;24;0;0;0;2;0;0;0;0;0;0;1;0;0;1;17;5
Torres Novas;21;2;53;0;0;0;44;0;0;2;10;3;13;8;26;0;124;49;0;37;0;18;1;0;2;0;2;0;105;449;0;0;0;0;0;0;15;1;1;0;0;12;0;0;9;1;21;10;0;53;0;2;0;4;100;0;0;0;0;0;3;2;1
Torres Vedras;8;0;66;5;0;1;20;0;0;3;8;2;52;42;11;0;54;25;1;41;0;28;1;1;2;0;1;0;211;1 353;0;1;1;1;1;10;52;0;0;0;0;80;1;0;6;2;13;44;0;47;1;9;0;1;10;0;0;1;0;0;1;3;1
Trancoso;0;1;6;0;0;0;20;0;0;0;2;7;1;2;9;0;32;39;0;2;0;0;0;0;29;0;0;2;2;31;0;0;0;0;1;0;1;0;3;0;0;0;0;0;0;0;9;1;0;1;2;0;0;0;0;0;0;0;0;0;0;12;24
Trofa;0;1;1;0;0;0;14;36;0;0;181;5;1;0;1;0;21;20;0;0;0;1;5;0;2;0;0;0;1;26;132;0;63;0;3;0;1;1;1;3;0;1;0;5;0;0;497;0;0;1;0;0;0;0;0;2;15;25;1;41;31;15;0
Vagos;0;26;3;0;0;0;222;0;0;0;9;4;5;0;1;0;177;11;0;2;0;8;1;0;10;0;0;4;15;37;2;0;5;0;3;0;1;7;4;2;0;4;1;0;3;0;60;5;0;0;0;0;0;0;4;0;1;0;0;1;6;3;33
Vale de Cambra;1;3;1;0;0;0;111;1;0;0;8;2;1;1;2;0;114;12;0;2;0;2;3;0;11;0;0;0;2;32;7;0;16;1;0;0;0;32;4;2;0;0;0;0;0;0;209;0;38;0;0;1;0;0;1;0;1;3;0;0;15;7;31
Valença;0;0;0;0;0;0;22;6;0;0;50;9;0;0;0;0;17;3;0;1;0;2;2;0;3;0;0;0;2;15;5;0;4;7;5;0;0;0;0;1;0;0;0;3;0;0;29;0;0;0;0;0;0;0;0;54;63;0;3;2;2;10;2
Valongo;0;4;4;0;0;1;56;20;0;0;108;23;4;3;1;0;48;15;0;6;0;5;36;0;1;1;0;2;1;102;209;0;232;3;5;0;1;3;0;60;2;0;1;6;0;0;1 789;0;0;1;0;0;0;3;2;1;9;40;0;10;144;43;7
Valpaços;0;0;1;0;0;0;8;1;0;0;7;94;0;1;5;3;32;3;0;1;0;0;2;0;1;0;0;1;0;22;2;0;3;0;41;0;1;0;0;0;0;0;0;0;0;0;56;0;0;1;1;0;0;0;0;0;0;1;0;1;4;61;3
Velas;0;0;1;0;0;1;5;0;0;0;3;6;1;0;0;0;8;1;0;1;0;0;0;0;0;0;1;0;2;22;1;0;4;0;0;0;1;0;0;0;0;3;20;0;0;0;8;4;0;1;0;0;0;0;0;0;0;0;0;0;1;1;1
Vendas Novas;0;0;28;1;0;0;2;0;0;9;1;0;0;1;1;0;3;3;0;50;0;7;0;1;0;0;0;0;1;130;1;0;0;0;0;0;6;0;0;0;0;1;0;0;4;3;2;0;0;7;0;27;0;1;1;0;0;0;0;0;0;0;0
Viana do Alentejo;0;0;9;0;0;0;0;0;0;22;0;1;0;2;0;0;2;2;3;64;0;3;0;0;0;0;1;0;4;23;0;0;0;0;0;0;2;0;0;0;0;0;0;0;3;2;2;2;0;1;0;0;0;0;0;0;0;0;0;0;0;0;1
Viana do Castelo;0;4;7;3;5;0;83;75;0;1;463;31;8;4;22;0;235;61;0;11;1;8;7;0;10;0;0;4;12;177;28;0;60;64;7;0;11;0;1;10;1;3;2;61;0;0;663;1;0;1;0;3;0;2;3;50;774;11;3;13;34;71;14
Vidigueira;0;0;2;0;0;1;1;0;0;61;0;0;0;0;0;0;1;0;2;26;0;10;0;0;0;0;0;0;0;18;0;0;0;0;0;0;0;0;0;0;0;0;0;0;1;2;0;0;0;0;0;6;0;0;2;0;0;0;0;0;1;1;1
Vieira do Minho;0;0;0;0;7;0;5;10;0;0;169;8;0;0;0;0;20;3;1;0;6;1;0;0;2;0;0;0;0;9;4;0;0;1;4;0;0;0;0;1;0;0;0;1;0;0;31;0;0;1;0;0;0;0;0;1;6;1;0;5;4;32;1
Vila da Praia da Vitória;0;0;12;0;0;56;11;2;0;4;13;4;2;0;1;0;46;8;0;10;0;4;2;0;0;0;1;0;8;142;0;0;7;0;2;0;3;0;1;0;0;1;26;0;2;1;40;6;0;3;0;3;0;0;1;0;0;2;0;0;10;5;1
Vila de Rei;4;0;6;0;0;0;1;0;0;0;1;2;0;1;25;0;17;6;0;0;0;0;0;0;0;0;4;0;25;31;0;0;1;0;0;0;0;0;0;0;0;0;0;0;0;0;1;2;0;2;0;0;0;0;5;0;0;0;0;0;0;0;1
Vila do Bispo;0;0;4;0;0;0;0;0;0;1;0;0;0;0;0;0;2;1;1;2;0;15;0;0;0;0;0;0;4;20;0;0;0;0;0;0;0;0;0;0;0;2;0;0;2;5;1;0;0;0;0;1;2;0;0;0;0;0;0;0;0;1;0
Vila do Conde;1;3;1;3;0;0;35;58;0;0;131;17;6;2;8;0;55;16;0;3;1;4;5;0;9;0;0;1;2;70;209;0;143;3;4;0;4;4;0;6;0;1;2;18;0;0;1 260;0;1;1;0;0;0;0;1;2;67;120;0;26;64;52;3
Vila do Porto;0;0;4;0;0;3;9;1;0;1;5;0;0;0;1;0;12;2;0;2;0;2;0;0;0;0;0;0;3;48;0;0;0;0;0;0;1;0;0;0;0;3;29;0;1;0;9;0;0;0;0;0;0;0;0;0;0;0;0;0;1;1;0
Vila Flor;1;0;1;0;0;0;4;0;0;0;6;45;0;0;0;0;15;5;0;1;0;0;1;0;0;0;0;0;0;11;0;0;4;0;16;0;0;0;0;0;0;0;0;0;0;0;26;0;0;0;0;0;0;0;0;0;0;0;0;0;0;27;1
Vila Franca de Xira;9;0;153;15;0;0;11;0;2;7;9;4;17;87;8;0;23;19;4;32;0;19;1;0;1;0;2;0;19;3 113;2;0;1;0;5;19;77;0;0;0;0;23;0;0;12;1;18;31;0;214;1;47;0;3;15;1;3;0;0;0;1;6;5
Vila Franca do Campo;0;0;1;0;0;14;0;0;0;0;2;0;0;0;3;0;15;3;0;2;0;1;1;1;0;0;0;0;2;30;3;0;0;0;0;0;3;0;0;1;0;0;124;0;0;0;13;0;0;1;0;0;0;0;0;0;0;1;0;1;1;1;0
Vila Nova da Barquinha;2;0;3;0;0;0;7;0;0;1;0;0;0;1;2;0;13;18;0;6;0;4;0;1;1;0;0;0;9;54;1;0;0;0;0;0;5;0;0;0;0;2;0;0;4;1;3;4;0;15;0;0;0;0;33;0;0;0;0;0;1;0;0
Vila Nova de Cerveira;0;0;1;0;0;0;9;3;0;0;27;4;0;1;1;0;23;2;0;0;0;3;0;0;0;0;0;0;1;8;0;0;4;8;2;0;0;0;0;0;1;0;0;5;0;0;46;0;0;0;0;0;0;0;0;26;33;0;5;0;2;7;1
Vila Nova de Famalicão;1;5;5;2;2;0;88;301;0;1;1 278;84;7;5;7;1;162;59;0;7;9;5;35;0;18;0;0;2;10;150;187;0;115;7;32;0;2;1;2;13;1;2;5;27;1;1;1 189;1;0;1;0;1;0;0;0;12;131;37;1;349;69;98;17
Vila Nova de Foz Côa;0;0;0;0;0;0;7;0;0;0;4;19;0;6;1;0;31;10;0;0;0;0;0;0;12;0;1;1;1;9;1;0;1;0;4;0;0;0;0;0;0;1;0;0;0;0;17;0;0;0;2;0;0;0;0;0;1;0;0;0;0;7;22
Vila Nova de Gaia;0;29;10;5;0;1;528;30;0;4;218;40;12;11;6;1;190;85;3;20;1;17;40;0;6;0;2;3;10;345;428;0;762;0;13;0;4;40;0;38;0;3;1;18;6;0;6 069;1;13;3;1;1;0;3;2;2;25;162;0;8;1 223;142;25
Vila Nova de Paiva;0;0;0;0;0;0;17;0;0;0;0;1;0;1;0;0;33;4;0;1;0;0;0;0;3;0;0;0;0;11;0;0;2;0;2;0;1;0;0;1;0;0;1;0;0;0;7;0;0;1;0;0;0;0;0;1;0;0;0;0;6;2;60
Vila Nova de Poiares;0;0;0;0;0;0;1;0;0;0;0;0;1;1;0;0;125;1;0;1;0;0;0;0;0;0;0;0;2;12;0;0;1;1;0;0;0;0;5;0;0;0;0;0;0;0;6;0;0;0;0;0;0;0;1;0;0;1;0;0;1;1;0
Vila Pouca de Aguiar;0;0;2;0;0;0;9;2;0;0;27;25;0;0;1;0;43;10;0;0;0;0;0;0;2;0;0;5;0;14;2;0;2;0;12;0;0;1;1;6;0;0;0;0;0;0;59;0;0;0;1;0;0;0;0;0;0;0;0;0;5;104;4
Vila Real;0;1;10;0;0;2;44;1;0;0;95;115;6;9;5;5;132;44;0;5;1;5;2;0;5;0;1;14;2;143;11;0;22;0;39;0;6;1;1;14;0;2;1;0;1;0;446;0;0;1;0;1;0;2;1;1;2;5;0;0;28;1 158;24
Vila Real de Santo António;1;0;23;0;0;0;2;0;0;36;1;0;3;2;1;0;14;3;0;12;0;156;0;0;2;0;0;0;4;101;0;0;1;0;1;0;7;0;0;0;0;0;1;0;2;5;3;1;0;0;0;6;2;0;0;0;0;0;0;0;0;0;0
Vila Velha de Ródão;0;0;3;0;0;0;0;0;0;0;0;0;1;0;0;0;6;9;0;1;0;0;0;0;0;0;0;0;2;7;0;0;0;0;0;0;0;0;0;0;0;0;0;0;0;0;0;1;0;2;0;0;0;0;0;0;0;0;0;0;0;0;0
Vila Verde;1;2;4;1;45;0;19;203;0;0;657;18;0;1;4;0;49;11;0;3;1;1;2;0;2;0;0;2;4;27;19;0;6;12;6;0;2;1;1;3;0;1;1;19;1;0;99;0;0;0;0;0;0;0;1;16;119;4;0;26;12;32;7
Vila Viçosa;0;0;10;0;0;0;1;0;0;5;0;0;2;2;11;0;4;6;10;50;0;7;0;0;0;0;1;0;5;69;0;0;0;0;0;0;4;0;0;0;0;0;0;0;18;0;2;1;0;1;0;3;0;0;2;0;0;0;0;0;0;2;0
Vimioso;0;0;0;0;0;0;2;1;0;0;1;45;0;0;0;0;8;7;0;0;0;0;2;0;1;0;0;0;0;5;0;0;0;0;2;0;0;0;0;0;0;0;0;0;0;0;7;0;0;0;0;0;0;0;0;0;0;0;0;0;0;4;0
Vinhais;0;0;1;0;0;0;2;0;0;1;10;66;0;0;0;0;4;8;1;0;0;0;1;0;1;0;0;0;0;5;0;0;2;0;5;0;0;0;0;0;0;0;0;0;0;0;21;0;0;0;0;0;0;0;0;0;0;0;1;0;1;11;1
Viseu;1;4;30;7;1;0;327;4;0;0;36;9;17;23;28;0;813;196;0;13;0;9;3;0;53;0;3;13;46;522;9;1;15;1;4;0;28;5;3;10;0;3;2;0;3;0;431;5;1;4;13;1;0;0;5;0;1;3;0;2;13;74;1 832
Vizela;0;1;0;0;0;0;19;19;0;0;227;24;0;0;1;0;35;14;0;2;6;2;39;0;1;0;0;2;7;18;11;0;6;0;16;0;1;0;1;5;0;2;0;4;0;0;147;0;0;0;1;0;0;0;0;2;15;0;0;13;14;91;4
Vouzela;0;0;2;0;0;0;33;0;0;0;2;2;0;0;8;0;55;6;0;1;0;0;0;0;10;0;0;0;4;19;0;0;2;1;2;0;0;0;0;0;0;2;0;0;0;0;22;0;0;0;1;1;0;2;0;0;0;0;0;0;4;11;85
